pos_0000131908_##BJ397P.jpg 1 501 391 583 425
pos_0002433208_##B4J1X1.jpg 1 453 406 532 445
pos_0004336708_##B5U336.jpg 1 470 402 551 439
pos_0004563408_##BDT030.jpg 1 486 388 569 423
pos_0005037008_##B1G5B6.jpg 1 513 422 596 458
pos_0009256808_##BN85L0.jpg 1 496 391 575 425
pos_0009379508_##SJ7M78.jpg 1 484 385 562 420
pos_0009506708_##BV2V17.jpg 1 871 621 969 673
pos_0016509608_##PKF181.jpg 1 521 404 606 443
pos_0017132508_##BH0G92.jpg 1 538 401 618 439
pos_0018428508_##BG72H0.jpg 1 485 382 561 418
pos_0019138708_##B428XB.jpg 1 487 395 570 430
pos_0021467508_##BJK331.jpg 1 460 406 537 436
pos_0022005808_##BV2J45.jpg 1 482 393 558 428
pos_0022099308_##B7C203.jpg 1 481 402 563 437
pos_0022321808_##B256RK.jpg 1 492 384 571 419
pos_0023584308_##BS7803.jpg 1 482 395 564 431
pos_0024050108_##BR382U.jpg 1 449 393 531 422
pos_0024401808_##B9E1L9.jpg 1 475 393 557 429
pos_0026330308_##BCV598.jpg 1 577 433 662 468
pos_0026431108_##H0D283.jpg 1 491 402 574 437
pos_0027003208_##BJ5P79.jpg 1 487 395 564 432
pos_0027336708_##B263PV.jpg 1 484 402 567 442
pos_0028359908_##BS10W6.jpg 1 475 385 559 419
pos_0028553308_##BM47B0.jpg 1 473 405 554 440
pos_0029038708_##B969H5.jpg 1 452 414 538 455
pos_0033431308_##B2CU26.jpg 1 400 410 482 445
pos_0034513308_##BL68H3.jpg 1 547 417 629 454
pos_0035126208_##BS67M0.jpg 1 483 407 563 445
pos_0038275508_##B21561.jpg 1 526 457 605 493
pos_0039510208_##BE7V02.jpg 1 494 388 574 423
pos_0043162208_##B3ZZ72.jpg 1 520 383 600 417
pos_0049580208_##B60719.jpg 1 487 385 564 421
pos_0052149408_##B1J2Y3.jpg 1 524 382 603 414
pos_0052437808_##B5997G.jpg 1 461 411 542 450
pos_0054599008_##BK0265.jpg 1 483 392 569 428
pos_0055194608_##L1D009.jpg 1 466 398 553 435
pos_0056295208_##BZ3J05.jpg 1 446 395 528 433
pos_0058470608_##L9B211.jpg 1 559 460 649 507
pos_0058546808_##P577B1.jpg 1 494 401 576 438
pos_0059584808_##BU35Z3.jpg 1 454 391 534 428
pos_0112131308_##B4F337.jpg 1 562 394 641 428
pos_0114428608_##B0T988.jpg 1 533 377 618 417
pos_0119226308_##VV36T8.jpg 1 526 426 608 463
pos_0121384308_##BZ3J05.jpg 1 494 380 575 415
pos_0121526408_##L8G578.jpg 1 496 395 575 430
pos_0122234008_##B5QL26.jpg 1 512 404 592 439
pos_0126011908_##BF06V6.jpg 1 488 388 569 423
pos_0127583108_##LBV480.jpg 1 462 394 542 432
pos_0129364708_##BS07Q1.jpg 1 529 391 607 428
pos_0129577808_##BS5F97.jpg 1 499 377 582 413
pos_0131357508_##BX05W0.jpg 1 506 389 583 425
pos_0131421508_##B7F9Q1.jpg 1 507 379 589 414
pos_0140095108_##BNH76U.jpg 1 512 415 590 453
pos_0156431308_##B8611U.jpg 1 503 398 582 430
pos_0203171008_##B7F6T6.jpg 1 527 393 606 429
pos_0204232608_##S4484A.jpg 1 535 374 611 409
pos_0205438408_##SP3R36.jpg 1 486 393 565 428
pos_0206548708_##SR5N19.jpg 1 527 396 606 435
pos_0207082308_##B6L4Z7.jpg 1 523 388 601 424
pos_0211479008_##BA916F.jpg 1 515 399 594 430
pos_0211544808_##BU4C89.jpg 1 483 385 558 416
pos_0212205108_##PV8388.jpg 1 498 383 574 416
pos_0212532308_##BP210V.jpg 1 486 411 563 442
pos_0213031308_##BW7N62.jpg 1 494 409 571 439
pos_0213062208_##B7N4H2.jpg 1 466 396 545 430
pos_0213119108_##B1F1D3.jpg 1 509 400 593 437
pos_0220328408_##B7RB56.jpg 1 481 391 562 426
pos_0222020908_##LBV480.jpg 1 474 394 554 434
pos_0225001108_##L6G253.jpg 1 500 393 579 428
pos_0230480508_##B8YL03.jpg 1 507 389 588 423
pos_0231298908_##S0K1A6.jpg 1 466 391 546 426
pos_0233319708_##B612TT.jpg 1 411 412 490 446
pos_0241192408_##LBV480.jpg 1 462 400 544 439
pos_0243277708_##BG503T.jpg 1 486 391 563 425
pos_0243419308_##B7F6T6.jpg 1 492 379 569 414
pos_0245292108_##B2057Q.jpg 1 539 434 620 469
pos_0250160308_##BQ88PP.jpg 1 904 575 994 630
pos_0252314008_##B8446L.jpg 1 484 399 567 439
pos_0252400208_##BN00J6.jpg 1 515 378 592 412
pos_0252468608_##L0W846.jpg 1 482 405 562 442
pos_0252500708_##BK82H8.jpg 1 493 382 572 417
pos_0253137908_##B286XQ.jpg 1 522 380 599 412
pos_0259381308_##BJ6986.jpg 1 772 543 863 597
pos_0302505908_##BX6N29.jpg 1 919 562 1001 611
pos_0309172608_##B8JK52.jpg 1 525 375 605 411
pos_0319077408_##LBK269.jpg 1 496 388 574 423
pos_0323494108_##B9UQ01.jpg 1 457 390 537 426
pos_0325022708_##S2700B.jpg 1 621 488 714 531
pos_0325062108_##BJ6986.jpg 1 459 401 540 437
pos_0326593908_##P577BU.jpg 1 487 393 566 430
pos_0332418808_##L4C621.jpg 1 489 387 570 423
pos_0335181508_##BZS617.jpg 1 503 404 583 437
pos_0338018108_##SM6B29.jpg 1 490 400 570 436
pos_0412364108_##B760K8.jpg 1 486 386 561 417
pos_0413145908_##PXR623.jpg 1 500 376 576 413
pos_0421112108_##B303TD.jpg 1 482 402 559 430
pos_0423146208_##L8G578.jpg 1 491 394 570 428
pos_0430141708_##BL38S6.jpg 1 480 385 563 419
pos_0445257808_##L6G253.jpg 1 492 423 576 460
pos_0505488208_##B303TD.jpg 1 484 386 559 414
pos_0507156008_##C1R859.jpg 1 560 354 654 395
pos_0539535608_##BZ2955.jpg 1 449 395 547 437
pos_0542120108_##BU5770.jpg 1 417 409 499 440
pos_0554566408_##CHR571.jpg 1 440 408 520 444
pos_0602436008_##BZS617.jpg 1 503 398 580 433
pos_0617424908_##B2539M.jpg 1 515 378 593 410
pos_0624476908_##BM6582.jpg 1 406 405 487 437
pos_0628134208_##L4N956.jpg 1 499 390 585 429
pos_0629069108_##B2DGD3.jpg 1 906 648 1009 711
pos_0630085908_##LLC423.jpg 1 481 384 559 416
pos_0634189208_##BH85D9.jpg 1 454 399 535 435
pos_0638345308_##BH6X59.jpg 1 493 414 574 439
pos_0644510308_##BL0M50.jpg 1 472 392 552 427
pos_0647315408_##BP151M.jpg 1 481 427 568 470
pos_0647432008_##B386PC.jpg 1 488 389 567 423
pos_0653126908_##CW5869.jpg 1 470 381 563 419
pos_0654557808_##NCA456.jpg 1 557 460 653 504
pos_0656293708_##BZX565.jpg 1 467 414 549 450
pos_0657372308_##B969LS.jpg 1 553 438 637 479
pos_0659355208_##SE1H40.jpg 1 492 395 574 428
pos_0705004808_##BX07S5.jpg 1 507 396 588 432
pos_0705070308_##B5EP33.jpg 1 452 394 532 430
pos_0708235608_##BR4U21.jpg 1 861 649 966 719
pos_0709235708_##B3LT86.jpg 1 563 421 644 459
pos_0709409808_##LBF912.jpg 1 819 567 915 625
pos_0709449708_##LBL076.jpg 1 489 397 573 435
pos_0709595508_##B908PY.jpg 1 639 465 729 509
pos_0714217808_##B7MD36.jpg 1 1002 647 1094 714
pos_0715120808_##LBV235.jpg 1 469 419 552 458
pos_0717355408_##FKZ568.jpg 1 495 382 573 415
pos_0719169108_##B2C1S1.jpg 1 487 431 575 473
pos_0722160708_##SL8T13.jpg 1 487 386 568 423
pos_0722499408_##UB2415.jpg 1 444 404 527 440
pos_0722557108_##BD74V8.jpg 1 467 394 551 433
pos_0723388108_##B70179.jpg 1 401 437 490 471
pos_0724200108_##B18W79.jpg 1 508 411 591 446
pos_0724270908_##BK423Z.jpg 1 498 377 576 413
pos_0725330408_##BY3D49.jpg 1 463 388 541 425
pos_0726130608_##B178LZ.jpg 1 571 467 665 509
pos_0726187008_##LCS005.jpg 1 483 405 567 445
pos_0726496508_##B6LS17.jpg 1 467 389 546 423
pos_0729047508_##B090LW.jpg 1 524 397 604 433
pos_0729205008_##J6G649.jpg 1 554 449 641 491
pos_0730263408_##B0C8R2.jpg 1 515 395 592 432
pos_0730379008_##BE6E10.jpg 1 500 398 581 432
pos_0732026208_##B8RE11.jpg 1 468 389 546 425
pos_0733053608_##L4K112.jpg 1 514 373 593 410
pos_0734505108_##BG84G6.jpg 1 649 446 738 494
pos_0735098608_##B486JD.jpg 1 455 398 537 438
pos_0736187808_##B9M3G5.jpg 1 481 407 563 440
pos_0737103508_##B690HM.jpg 1 465 399 545 434
pos_0737155208_##J2EU18.jpg 1 432 396 513 436
pos_0737231908_##B0E6X6.jpg 1 469 391 549 428
pos_0737296608_##B2W665.jpg 1 480 395 560 431
pos_0738537108_##BY6365.jpg 1 460 397 553 438
pos_0739067108_##BSJ268.jpg 1 491 387 568 421
pos_0739134708_##B4099A.jpg 1 481 397 561 433
pos_0739190608_##KBA861.jpg 1 468 390 546 424
pos_0739317708_##BC970U.jpg 1 498 398 576 432
pos_0739435108_##BS5N86.jpg 1 427 402 501 434
pos_0739548608_##BY6D50.jpg 1 425 403 506 442
pos_0739596108_##B7L865.jpg 1 502 385 581 425
pos_0740060308_##BZ6U05.jpg 1 509 395 587 429
pos_0740492108_##B1XD90.jpg 1 506 380 583 415
pos_0740578908_##BCU328.jpg 1 513 411 593 447
pos_0741206208_##B0205F.jpg 1 502 398 583 433
pos_0741250908_##B361GL.jpg 1 503 409 585 448
pos_0741296508_##B2E547.jpg 1 479 397 563 437
pos_0741391708_##BA88Z7.jpg 1 451 403 533 439
pos_0741489608_##BV930F.jpg 1 414 413 497 449
pos_0742297608_##B319AH.jpg 1 460 391 541 424
pos_0742425008_##BL79J7.jpg 1 472 385 550 419
pos_0742509208_##BL059P.jpg 1 444 409 528 451
pos_0742555708_##B867Q8.jpg 1 441 399 522 433
pos_0743010908_##B6E0X0.jpg 1 533 400 617 439
pos_0743147708_##B512CW.jpg 1 507 384 586 416
pos_0743209908_##B496QF.jpg 1 485 402 564 438
pos_0743270608_##BD576N.jpg 1 478 390 552 422
pos_0743372208_##BH1G65.jpg 1 514 382 589 418
pos_0743424408_##BU29D2.jpg 1 486 391 563 423
pos_0743493708_##BF689Z.jpg 1 544 426 628 463
pos_0743555908_##B23542.jpg 1 459 394 536 426
pos_0744138308_##B2MD29.jpg 1 413 401 494 436
pos_0744519108_##B90A01.jpg 1 486 385 561 419
pos_0745071708_##B651QT.jpg 1 536 377 614 413
pos_0745279108_##BW001Y.jpg 1 498 407 586 444
pos_0745542208_##B4T1X6.jpg 1 494 450 582 493
pos_0746244208_##BCA988.jpg 1 518 388 595 422
pos_0747057508_##B4U5K9.jpg 1 417 401 497 436
pos_0747168408_##BH2553.jpg 1 529 396 606 429
pos_0747479508_##B855KQ.jpg 1 466 388 540 424
pos_0747542908_##BU878Q.jpg 1 480 392 559 426
pos_0748200508_##B9VU51.jpg 1 466 389 546 424
pos_0749071308_##B1Q6L6.jpg 1 490 394 570 431
pos_0749203408_##BVD562.jpg 1 488 386 566 420
pos_0749586408_##B635NW.jpg 1 473 386 551 424
pos_0750090308_##BY6E32.jpg 1 460 404 542 438
pos_0750319008_##B5AU37.jpg 1 448 403 532 440
pos_0750365808_##BN398Q.jpg 1 515 397 594 429
pos_0750413208_##B439XT.jpg 1 471 385 554 419
pos_0750447808_##B1T958.jpg 1 477 400 554 424
pos_0750492208_##BMA878.jpg 1 466 391 546 424
pos_0751038108_##BH36Q7.jpg 1 459 390 538 423
pos_0751432308_##B293PJ.jpg 1 488 398 567 439
pos_0752197108_##B3LT86.jpg 1 538 385 615 420
pos_0752254008_##BC970U.jpg 1 506 386 581 420
pos_0752328908_##B2L7K3.jpg 1 428 416 512 455
pos_0752457008_##BSZ578.jpg 1 497 399 576 436
pos_0753056508_##B814BE.jpg 1 463 391 543 430
pos_0753162108_##B39Y15.jpg 1 442 394 521 431
pos_0753198308_##BL8B11.jpg 1 506 404 587 441
pos_0753244308_##B70280.jpg 1 430 406 512 441
pos_0753313108_##BR9Q65.jpg 1 448 403 528 439
pos_0753419908_##BZ57L7.jpg 1 388 412 475 449
pos_0753474808_##LBQ673.jpg 1 461 407 543 444
pos_0754441808_##BP3Q49.jpg 1 457 399 535 435
pos_0754567708_##BP546L.jpg 1 441 408 523 447
pos_0755029408_##B9PQ09.jpg 1 505 403 586 434
pos_0755127308_##B8PK98.jpg 1 446 396 525 431
pos_0755457408_##B605EX.jpg 1 511 386 589 417
pos_0756019608_##L6R648.jpg 1 487 397 561 423
pos_0756177408_##BB30E8.jpg 1 450 398 529 431
pos_0756275208_##BU519D.jpg 1 540 408 623 446
pos_0756345508_##BR6Q01.jpg 1 461 393 539 422
pos_0756424708_##BU69Q6.jpg 1 506 417 586 456
pos_0757208208_##B526ZM.jpg 1 458 399 539 437
pos_0757259208_##BY0B41.jpg 1 492 397 573 430
pos_0757437808_##BR4R78.jpg 1 455 432 542 472
pos_0757488108_##L2W196.jpg 1 470 386 548 421
pos_0758081408_##BSY902.jpg 1 523 392 602 425
pos_0758358208_##BJ8D89.jpg 1 493 394 570 432
pos_0758410608_##BSE499.jpg 1 474 388 554 421
pos_0758470008_##BT3M41.jpg 1 488 383 570 420
pos_0758517908_##B829BS.jpg 1 471 403 553 440
pos_0758568008_##B922B0.jpg 1 499 402 579 442
pos_0759321808_##BB548J.jpg 1 492 406 573 440
pos_0759405308_##BS8398.jpg 1 488 391 567 429
pos_0759506408_##B5TX29.jpg 1 483 382 562 419
pos_0800206108_##PNE609.jpg 1 491 397 572 433
pos_0800345908_##LBU097.jpg 1 457 409 538 446
pos_0800460508_##B027C7.jpg 1 495 409 577 442
pos_0800510708_##L5P872.jpg 1 483 395 561 425
pos_0800569608_##BH326M.jpg 1 515 396 593 431
pos_0801066708_##BK817L.jpg 1 461 391 541 428
pos_0801118808_##B167LA.jpg 1 501 392 578 426
pos_0801166208_##BJ4D10.jpg 1 484 389 562 424
pos_0801204908_##BC7F38.jpg 1 459 393 538 428
pos_0801276908_##BZ148K.jpg 1 477 393 556 427
pos_0801454208_##BM229X.jpg 1 473 386 553 422
pos_0801573608_##B311ED.jpg 1 468 394 549 432
pos_0802234508_##B745LH.jpg 1 455 400 536 433
pos_0802273108_##B661SN.jpg 1 471 405 550 440
pos_0802349808_##BL323L.jpg 1 509 378 587 410
pos_0802476208_##L4U172.jpg 1 537 393 621 431
pos_0803058208_##B613BY.jpg 1 465 398 549 432
pos_0803130108_##BL90E1.jpg 1 428 402 513 438
pos_0803203508_##B0ED81.jpg 1 491 380 570 413
pos_0803265108_##BD3G84.jpg 1 467 388 548 425
pos_0803330408_##B9T007.jpg 1 465 390 547 425
pos_0803400008_##BN65V2.jpg 1 429 400 513 432
pos_0803447308_##BLC300.jpg 1 445 404 528 438
pos_0803492208_##BZ181V.jpg 1 403 417 482 456
pos_0803537408_##BZ805P.jpg 1 482 390 560 426
pos_0804001308_##B8N758.jpg 1 492 390 571 422
pos_0804086608_##BY952R.jpg 1 496 394 577 431
pos_0804124008_##B7LU11.jpg 1 517 387 595 423
pos_0804240408_##B1BJ91.jpg 1 525 383 601 415
pos_0804293508_##BP4050.jpg 1 491 390 572 429
pos_0804497308_##B1DT48.jpg 1 491 388 570 422
pos_0805076908_##B1M189.jpg 1 460 401 544 436
pos_0805418008_##BXJ190.jpg 1 485 394 566 429
pos_0806001408_##BNL513.jpg 1 463 396 544 431
pos_0806183208_##BU220K.jpg 1 466 404 542 441
pos_0806282908_##BB71N0.jpg 1 484 382 569 419
pos_0806371908_##BDJ910.jpg 1 463 393 545 430
pos_0807323708_##B2U3P5.jpg 1 425 411 509 446
pos_0807372308_##B37Y95.jpg 1 441 398 520 433
pos_0807419708_##BVA040.jpg 1 449 399 530 435
pos_0807457708_##BN59V3.jpg 1 450 422 535 461
pos_0807505608_##BN43J6.jpg 1 450 399 532 434
pos_0807557708_##B213PP.jpg 1 464 400 547 439
pos_0808021608_##B68X03.jpg 1 487 406 564 442
pos_0808079708_##BNG861.jpg 1 615 458 700 505
pos_0808134408_##B023VH.jpg 1 491 387 571 419
pos_0808182508_##B7XL40.jpg 1 483 381 561 415
pos_0808226208_##B776KF.jpg 1 518 389 597 424
pos_0808260908_##B4K605.jpg 1 528 395 608 430
pos_0808400408_##L2E539.jpg 1 456 404 535 439
pos_0808437808_##B6R063.jpg 1 460 405 546 439
pos_0808497508_##BV262W.jpg 1 476 388 554 422
pos_0808567208_##B780BZ.jpg 1 460 394 541 429
pos_0809028708_##BZ8A97.jpg 1 499 398 580 433
pos_0809066008_##MY1776.jpg 1 464 399 546 435
pos_0809219808_##BT43J7.jpg 1 520 380 597 416
pos_0809380908_##B116UU.jpg 1 409 413 491 448
pos_0809450908_##BX1X69.jpg 1 471 394 553 430
pos_0809504108_##BVV638.jpg 1 453 396 530 429
pos_0809560408_##BX0L61.jpg 1 430 400 513 436
pos_0810005008_##B910GR.jpg 1 470 404 551 441
pos_0810062108_##B086QF.jpg 1 764 558 860 611
pos_0810114008_##B9X402.jpg 1 473 386 550 419
pos_0810190708_##B4ZH55.jpg 1 463 390 545 424
pos_0810251508_##BT930S.jpg 1 483 390 562 424
pos_0810311308_##B9T9X8.jpg 1 434 398 517 434
pos_0810389408_##BZV968.jpg 1 499 399 579 433
pos_0810599808_##B6MD62.jpg 1 434 401 516 435
pos_0811061808_##BR842Z.jpg 1 459 401 540 436
pos_0811104408_##BV1Y13.jpg 1 504 414 584 453
pos_0811146908_##BT4890.jpg 1 463 397 542 432
pos_0811195908_##BB19A8.jpg 1 492 387 573 421
pos_0811320608_##BZL137.jpg 1 445 408 523 443
pos_0811372508_##BS390U.jpg 1 506 393 587 427
pos_0811422608_##LBL121.jpg 1 512 390 592 425
pos_0811553508_##B9224F.jpg 1 522 390 600 423
pos_0812013208_##NRJ001.jpg 1 522 396 599 430
pos_0812261108_##B8P219.jpg 1 469 395 552 430
pos_0813012408_##B6PS08.jpg 1 538 400 619 437
pos_0813100908_##BSY448.jpg 1 502 389 579 425
pos_0813314108_##B919C2.jpg 1 486 383 564 416
pos_0813372608_##B850P2.jpg 1 474 389 555 422
pos_0813474708_##BZU341.jpg 1 503 403 583 438
pos_0813526108_##BX772B.jpg 1 454 391 533 424
pos_0814271108_##L5N211.jpg 1 473 396 555 430
pos_0814310808_##BX8N35.jpg 1 512 397 594 433
pos_0814368708_##B3295L.jpg 1 504 379 579 412
pos_0814446108_##B782JZ.jpg 1 488 391 566 425
pos_0814485108_##BX119F.jpg 1 515 388 594 426
pos_0814525708_##B2M1P5.jpg 1 472 398 548 433
pos_0814570008_##B3DP06.jpg 1 515 394 594 426
pos_0815075408_##B585LS.jpg 1 492 392 570 427
pos_0815119808_##BF498X.jpg 1 486 400 566 436
pos_0815216608_##BZ7B71.jpg 1 400 412 484 450
pos_0815294808_##BV18T1.jpg 1 490 406 569 441
pos_0815413708_##B607PP.jpg 1 448 407 533 446
pos_0815463308_##B9908Y.jpg 1 447 419 534 456
pos_0815503908_##LCM539.jpg 1 439 407 525 440
pos_0815566408_##B651CK.jpg 1 472 406 554 441
pos_0816061408_##BSQ126.jpg 1 466 386 545 420
pos_0816142108_##SJ7H23.jpg 1 427 398 508 435
pos_0816351408_##B2M1V3.jpg 1 494 387 572 419
pos_0816417508_##BN179M.jpg 1 497 385 576 421
pos_0816459408_##B2VJ45.jpg 1 518 411 600 447
pos_0816519408_##BSK625.jpg 1 518 439 600 477
pos_0816554008_##B4ST82.jpg 1 456 399 538 437
pos_0817009108_##BP151M.jpg 1 465 394 548 430
pos_0817192208_##B0440T.jpg 1 489 400 568 435
pos_0817351908_##BZE423.jpg 1 440 400 520 437
pos_0817388808_##B4XJ81.jpg 1 494 383 570 419
pos_0817462408_##BSA689.jpg 1 406 409 486 444
pos_0818018208_##B4K940.jpg 1 474 396 554 430
pos_0818128108_##B973CW.jpg 1 453 390 532 424
pos_0818187408_##B76M29.jpg 1 449 401 532 437
pos_0818318708_##B262U3.jpg 1 510 389 590 421
pos_0818366708_##B2JQ47.jpg 1 492 381 572 414
pos_0818417508_##B188WQ.jpg 1 483 390 561 422
pos_0818471208_##S202MP.jpg 1 438 402 523 438
pos_0818534908_##L6M172.jpg 1 419 410 504 444
pos_0818581908_##B4JX03.jpg 1 432 412 515 448
pos_0819029608_##BYZ005.jpg 1 437 424 523 461
pos_0819266808_##B348PP.jpg 1 500 385 578 418
pos_0819310808_##B261RV.jpg 1 456 396 536 430
pos_0819426708_##B857XP.jpg 1 464 402 543 432
pos_0819568208_##BV69F3.jpg 1 459 392 538 427
pos_0820289908_##B028HE.jpg 1 479 392 557 426
pos_0820390708_##B1CD16.jpg 1 563 413 643 452
pos_0820510808_##B9U8A1.jpg 1 494 397 573 431
pos_0820549008_##P577B1.jpg 1 477 387 554 423
pos_0821072908_##BH842K.jpg 1 396 476 494 508
pos_0821129408_##BP3Z10.jpg 1 468 409 549 447
pos_0821170308_##B7ME82.jpg 1 523 385 599 418
pos_0821237908_##B527HQ.jpg 1 511 378 590 411
pos_0821299808_##BT876F.jpg 1 473 409 556 445
pos_0821458008_##B6XD92.jpg 1 451 411 529 446
pos_0821516408_##B868XS.jpg 1 463 397 541 432
pos_0821582408_##BS26K0.jpg 1 489 389 568 423
pos_0822078508_##B059ET.jpg 1 458 396 539 426
pos_0822176208_##B0R7Z8.jpg 1 518 381 600 418
pos_0822220708_##BK1433.jpg 1 472 395 554 426
pos_0822276008_##BX522A.jpg 1 582 446 673 490
pos_0822376408_##BZ121J.jpg 1 497 389 578 424
pos_0822479008_##B3FV58.jpg 1 461 394 538 428
pos_0822595608_##B7N0X3.jpg 1 505 422 588 459
pos_0823047008_##B93S53.jpg 1 478 385 556 418
pos_0823146408_##B0592R.jpg 1 514 379 589 416
pos_0823307408_##BQ77U0.jpg 1 489 390 568 424
pos_0823370208_##BW083R.jpg 1 432 399 513 437
pos_0823400908_##B5BW05.jpg 1 485 388 564 426
pos_0823446108_##B889JA.jpg 1 505 391 581 423
pos_0823497508_##BCY350.jpg 1 486 383 563 418
pos_0823549208_##B765ZM.jpg 1 480 393 561 432
pos_0823598408_##B7M3M3.jpg 1 430 417 514 455
pos_0824063708_##B70B20.jpg 1 469 413 551 448
pos_0824189808_##B155MZ.jpg 1 467 396 550 432
pos_0824499608_##BG72H0.jpg 1 498 393 574 429
pos_0825154908_##BQ8P10.jpg 1 439 401 520 436
pos_0825411708_##B193GW.jpg 1 570 404 658 445
pos_0826022408_##B9AV22.jpg 1 467 396 544 432
pos_0826086808_##B4X730.jpg 1 460 405 541 444
pos_0826140408_##BT8997.jpg 1 504 398 584 436
pos_0826192608_##B7U4R7.jpg 1 414 407 494 440
pos_0826548608_##B1B7X0.jpg 1 547 424 630 463
pos_0827175108_##BH71Q8.jpg 1 421 399 503 435
pos_0827453608_##BQ517U.jpg 1 516 383 594 417
pos_0827500708_##BR2V79.jpg 1 506 395 583 429
pos_0827548008_##B81Y87.jpg 1 482 402 564 437
pos_0828369808_##B822KT.jpg 1 496 394 575 426
pos_0828529508_##BR38N3.jpg 1 477 393 552 426
pos_0829204108_##BL44J0.jpg 1 515 390 595 423
pos_0829298908_##BR093T.jpg 1 489 403 570 440
pos_0830091908_##BCU815.jpg 1 475 394 552 429
pos_0830206608_##BD42X8.jpg 1 464 393 547 431
pos_0830507308_##B180J9.jpg 1 539 385 616 418
pos_0831043508_##BU69Q6.jpg 1 497 415 581 457
pos_0831091008_##L7P185.jpg 1 514 377 593 412
pos_0831391208_##B9LG68.jpg 1 503 410 585 447
pos_0832393808_##BY4S06.jpg 1 447 397 519 428
pos_0833023208_##B4U9H5.jpg 1 496 385 572 420
pos_0833114408_##L7S241.jpg 1 496 391 578 430
pos_0833152208_##B3PM95.jpg 1 474 385 550 421
pos_0833259908_##BZ1170.jpg 1 471 417 552 452
pos_0834070808_##B631VJ.jpg 1 477 391 556 423
pos_0834141608_##BR1299.jpg 1 482 395 564 432
pos_0834181508_##BZL712.jpg 1 509 383 586 417
pos_0834258508_##BT5633.jpg 1 496 394 577 426
pos_0834499208_##B332UV.jpg 1 505 397 583 431
pos_0834590708_##B6249U.jpg 1 479 387 558 424
pos_0835064008_##BC50U5.jpg 1 475 394 552 428
pos_0836040908_##NV0118.jpg 1 512 390 590 424
pos_0836382408_##BEE506.jpg 1 410 403 490 439
pos_0836461208_##BC4F38.jpg 1 476 394 557 428
pos_0836555108_##BD505W.jpg 1 488 397 572 439
pos_0837417508_##B086SG.jpg 1 503 385 584 421
pos_0837525408_##L1D882.jpg 1 481 387 562 427
pos_0838173708_##B2MD66.jpg 1 458 402 537 440
pos_0838287508_##BZJ782.jpg 1 487 382 565 418
pos_0838536008_##B3F5A9.jpg 1 504 384 585 417
pos_0839020608_##BJF367.jpg 1 468 394 545 427
pos_0839066308_##BR9S65.jpg 1 507 389 583 424
pos_0839110008_##B8W9D8.jpg 1 524 374 599 407
pos_0839213408_##B536KM.jpg 1 516 393 596 428
pos_0839439808_##BC29X2.jpg 1 463 390 543 424
pos_0839542508_##BCT297.jpg 1 468 385 545 422
pos_0840361808_##BS1Q47.jpg 1 446 395 526 429
pos_0840485508_##BQ02P5.jpg 1 518 373 595 407
pos_0841000208_##B383EN.jpg 1 510 379 586 413
pos_0841095708_##B539TA.jpg 1 496 403 577 438
pos_0842324108_##B3P926.jpg 1 438 398 522 436
pos_0843160308_##B8ZD38.jpg 1 472 384 550 419
pos_0843230408_##BE535G.jpg 1 504 378 585 414
pos_0843372108_##B7T9W5.jpg 1 471 393 547 428
pos_0844083808_##B5YM26.jpg 1 518 384 596 418
pos_0844287208_##B1XC76.jpg 1 490 391 565 422
pos_0844490508_##BA40Z8.jpg 1 505 382 582 416
pos_0845001708_##B1J6R3.jpg 1 482 386 564 425
pos_0845065008_##PRF916.jpg 1 546 372 624 407
pos_0845303708_##B089MR.jpg 1 558 375 644 410
pos_0845498708_##BB2P28.jpg 1 473 405 555 439
pos_0846211908_##BZY399.jpg 1 468 398 549 434
pos_0846257108_##B66U55.jpg 1 532 390 607 425
pos_0846303608_##BZ8F01.jpg 1 498 391 576 424
pos_0846344508_##B535P9.jpg 1 492 390 575 427
pos_0846383308_##LBL181.jpg 1 456 400 535 436
pos_0846435308_##BZX492.jpg 1 497 385 571 414
pos_0847128308_##BFD522.jpg 1 505 389 580 422
pos_0847195408_##SM8R02.jpg 1 473 396 560 433
pos_0847558808_##B2230J.jpg 1 464 401 544 434
pos_0848047908_##BT46M2.jpg 1 490 389 570 423
pos_0849002508_##BA872R.jpg 1 501 386 577 422
pos_0849043308_##B6T2U0.jpg 1 526 387 606 425
pos_0850002608_##BC03N8.jpg 1 520 385 598 419
pos_0850066408_##B3K577.jpg 1 628 444 713 483
pos_0850118908_##BW630N.jpg 1 474 389 554 422
pos_0850504108_##BF4D46.jpg 1 504 401 582 433
pos_0851090608_##CJ9806.jpg 1 491 386 569 419
pos_0851130008_##B253PN.jpg 1 510 383 582 413
pos_0851429408_##B3XR38.jpg 1 457 396 537 430
pos_0852005508_##BX6L91.jpg 1 476 389 549 421
pos_0852134408_##BK882K.jpg 1 463 395 542 429
pos_0852224608_##BL5289.jpg 1 531 393 612 429
pos_0852500908_##B893JH.jpg 1 505 392 582 428
pos_0853100608_##BR153A.jpg 1 480 403 557 441
pos_0853159708_##BJ091C.jpg 1 517 389 595 425
pos_0853575608_##B5QY20.jpg 1 473 401 549 436
pos_0854172308_##BQ38P8.jpg 1 468 396 547 433
pos_0855108708_##B48V27.jpg 1 458 403 536 435
pos_0855152008_##B4K5C0.jpg 1 514 391 596 427
pos_0856175008_##B5S851.jpg 1 448 398 526 431
pos_0858162608_##B53C19.jpg 1 442 408 523 445
pos_0858271908_##BH643G.jpg 1 433 403 511 438
pos_0858343108_##BR1S05.jpg 1 476 389 553 421
pos_0858395008_##B236GV.jpg 1 507 396 588 431
pos_0859013208_##BNH395.jpg 1 496 387 578 422
pos_0859115108_##L6H421.jpg 1 474 391 550 424
pos_0859165608_##BN790U.jpg 1 471 404 548 437
pos_0859215008_##BS91Q6.jpg 1 493 390 572 422
pos_0859365408_##B5D105.jpg 1 472 387 550 419
pos_0859465508_##B671M6.jpg 1 495 409 572 442
pos_0859561708_##B113HF.jpg 1 538 391 615 423
pos_0900017908_##B752RH.jpg 1 509 387 588 421
pos_0900181808_##BE8E95.jpg 1 511 382 587 415
pos_0900243408_##BG03C2.jpg 1 500 404 582 440
pos_0902158908_##B6L0X7.jpg 1 536 372 620 412
pos_0902451008_##B5TC62.jpg 1 474 399 555 434
pos_0903018508_##BA5817.jpg 1 457 394 538 431
pos_0903579508_##BW5087.jpg 1 447 406 526 440
pos_0904025508_##QW5087.jpg 1 0 0 0 0
pos_0904296008_##L3B142.jpg 1 495 402 574 439
pos_0904400008_##B4F5A0.jpg 1 501 391 581 426
pos_0904449608_##B5E3N1.jpg 1 498 388 576 423
pos_0904511708_##B189PS.jpg 1 473 410 554 444
pos_0905156008_##BCY6D2.jpg 1 434 402 512 436
pos_0905427708_##L8H045.jpg 1 496 386 569 417
pos_0905485408_##PRT196.jpg 1 506 396 587 430
pos_0905528408_##BX6N29.jpg 1 539 398 617 434
pos_0906317808_##PYC832.jpg 1 499 384 579 419
pos_0907180008_##B037WQ.jpg 1 482 421 576 464
pos_0907473808_##LH7642.jpg 1 535 396 615 433
pos_0907523108_##B95S77.jpg 1 482 397 564 431
pos_0908323808_##BP3C86.jpg 1 509 394 585 429
pos_0909223708_##BG38G3.jpg 1 495 409 579 443
pos_0910554608_##B4331F.jpg 1 472 395 548 432
pos_0911176908_##K0M930.jpg 1 482 386 557 418
pos_0911235708_##BR877B.jpg 1 467 395 546 430
pos_0911305308_##B1P182.jpg 1 491 386 571 420
pos_0911473508_##B3LT86.jpg 1 500 394 579 430
pos_0911514008_##B2MD66.jpg 1 407 405 490 442
pos_0912036508_##B818M2.jpg 1 499 391 577 424
pos_0912397708_##B1P2Q1.jpg 1 461 386 544 424
pos_0912474208_##B5229N.jpg 1 476 399 557 435
pos_0912599408_##BN4715.jpg 1 411 412 493 447
pos_0913203608_##B33B29.jpg 1 479 400 560 438
pos_0914007508_##B9Q5N1.jpg 1 496 387 570 419
pos_0914290808_##BS12Y2.jpg 1 506 382 585 417
pos_0914561508_##BQ1A59.jpg 1 471 393 553 427
pos_0915011308_##B4T8M1.jpg 1 460 394 541 428
pos_0915411208_##B631VJ.jpg 1 449 394 529 427
pos_0915519808_##L9U971.jpg 1 474 394 552 427
pos_0915578408_##B1W335.jpg 1 515 386 592 419
pos_0916019408_##BF382T.jpg 1 513 399 595 436
pos_0916237208_##BM2W68.jpg 1 433 399 513 434
pos_0916591908_##BZ93A2.jpg 1 485 399 561 432
pos_0918316608_##AD9K25.jpg 1 488 396 568 429
pos_0918364308_##BS4S12.jpg 1 455 398 533 428
pos_0918422708_##B0KT38.jpg 1 492 406 574 441
pos_0918459708_##BVS140.jpg 1 484 385 561 419
pos_0918513408_##B189V1.jpg 1 486 400 562 434
pos_0918564208_##BH22V7.jpg 1 466 395 546 429
pos_0919079508_##BY18T1.jpg 1 472 413 554 450
pos_0919174608_##BB91H5.jpg 1 428 419 508 455
pos_0920248208_##BC99V5.jpg 1 505 391 585 426
pos_0921455508_##B7J6X2.jpg 1 447 397 527 431
pos_0923276608_##PQD283.jpg 1 528 397 606 426
pos_0923389508_##BV4176.jpg 1 480 394 558 428
pos_0924489608_##BC89Z1.jpg 1 480 392 560 424
pos_0925003908_##BVS140.jpg 1 477 388 553 423
pos_0925106708_##B5DP59.jpg 1 522 394 599 429
pos_0925178608_##B925PP.jpg 1 503 396 582 430
pos_0926491408_##BU82A8.jpg 1 473 398 554 433
pos_0927484408_##BP19U2.jpg 1 472 388 550 424
pos_0927548008_##BZY399.jpg 1 473 391 550 427
pos_0928012608_##BY709G.jpg 1 501 385 583 422
pos_0928162308_##BH70T8.jpg 1 466 399 545 435
pos_0928437608_##BP4809.jpg 1 450 392 539 431
pos_0928529108_##BH228H.jpg 1 469 389 547 422
pos_0929563108_##B287GK.jpg 1 474 399 557 436
pos_0930097908_##B18W79.jpg 1 509 407 591 442
pos_0930166108_##BT023S.jpg 1 481 396 562 437
pos_0930344308_##B0ED81.jpg 1 497 380 577 414
pos_0932053208_##B4DM27.jpg 1 525 409 608 447
pos_0932471208_##BU6N58.jpg 1 489 409 570 443
pos_0933249008_##BS63Y2.jpg 1 464 387 541 421
pos_0933322508_##BK297H.jpg 1 428 396 508 431
pos_0933598508_##L6Q106.jpg 1 442 392 524 432
pos_0934371008_##BE6E49.jpg 1 493 390 573 428
pos_0934526508_##BT4E7U.jpg 1 502 409 581 444
pos_0935073408_##B302PU.jpg 1 470 392 550 425
pos_0935295608_##B189V1.jpg 1 423 414 505 450
pos_0935360908_##BZV968.jpg 1 398 410 480 446
pos_0935408508_##B641KF.jpg 1 468 386 547 423
pos_0935492608_##B538WX.jpg 1 482 398 563 435
pos_0936250708_##B8K907.jpg 1 484 405 564 439
pos_0937443008_##B6VJ41.jpg 1 545 419 630 457
pos_0939588308_##BZ9H32.jpg 1 463 391 540 422
pos_0940108108_##BMN203.jpg 1 507 398 584 433
pos_0940355808_##BX2K09.jpg 1 515 387 593 422
pos_0941153908_##B7523U.jpg 1 498 381 576 415
pos_0941262308_##B293PJ.jpg 1 489 382 567 420
pos_0942216508_##B0732R.jpg 1 486 383 565 416
pos_0942288308_##B0RB35.jpg 1 499 390 573 421
pos_0942407108_##AD9K25.jpg 1 508 399 585 433
pos_0943222908_##BD395R.jpg 1 474 449 560 489
pos_0943344908_##BX05W0.jpg 1 486 384 564 416
pos_0943399608_##LBV003.jpg 1 477 389 553 420
pos_0944164908_##B235UL.jpg 1 484 391 564 425
pos_0944531608_##BCE080.jpg 1 473 391 549 424
pos_0945353108_##X67R88.jpg 1 516 389 593 427
pos_0946113808_##UF8110.jpg 1 574 445 655 485
pos_0946188608_##BC85V9.jpg 1 526 387 600 421
pos_0946450508_##SD5A08.jpg 1 476 397 550 428
pos_0947277008_##BZ74A8.jpg 1 489 398 569 430
pos_0948020408_##B6LS38.jpg 1 463 394 543 430
pos_0948097108_##BB71N0.jpg 1 489 382 574 418
pos_0948217108_##BK8D08.jpg 1 485 410 567 448
pos_0949433008_##F536A5.jpg 1 458 389 541 426
pos_0952562508_##BX85Q8.jpg 1 490 395 567 429
pos_0953305608_##BJ2080.jpg 1 461 396 541 431
pos_0955212508_##B8E1W2.jpg 1 496 390 576 425
pos_0955288708_##BH5U81.jpg 1 466 392 545 426
pos_0955448408_##B676A3.jpg 1 537 395 613 427
pos_0956082308_##BV279W.jpg 1 506 377 582 410
pos_0956265608_##B9LS95.jpg 1 462 407 546 441
pos_0956393608_##BX1X69.jpg 1 502 390 578 426
pos_0957327408_##B9A1X3.jpg 1 485 391 564 425
pos_0957377608_##BNJ109.jpg 1 541 379 617 415
pos_0958358808_##QQP862.jpg 1 540 390 620 427
pos_1001343708_##B5B127.jpg 1 476 397 556 432
pos_1002023308_##B385YF.jpg 1 519 379 593 412
pos_1002062108_##B381FA.jpg 1 509 389 590 424
pos_1002292208_##L16B09.jpg 1 443 399 524 439
pos_1002511408_##BH918P.jpg 1 509 398 587 433
pos_1003007708_##F61283.jpg 1 0 0 0 0
pos_1003074408_##BH842X.jpg 1 497 393 573 429
pos_1003111808_##BNX106.jpg 1 472 398 551 432
pos_1004064508_##NQN001.jpg 1 481 404 564 439
pos_1004277708_##BD85A9.jpg 1 496 402 575 439
pos_1006178708_##B192M0.jpg 1 478 396 558 429
pos_1006302608_##B6341K.jpg 1 515 380 592 413
pos_1006363408_##B855BD.jpg 1 507 385 590 423
pos_1006418708_##B0D2W9.jpg 1 491 389 571 425
pos_1008050208_##B6XN58.jpg 1 461 394 541 429
pos_1009007208_##BZL636.jpg 1 481 413 562 451
pos_1012022208_##B0732R.jpg 1 519 383 597 415
pos_1012132208_##B2486W.jpg 1 500 386 579 420
pos_1014175208_##BS1Q47.jpg 1 486 403 566 438
pos_1014260508_##B5X571.jpg 1 434 394 512 430
pos_1014318608_##B2QX81.jpg 1 489 398 570 434
pos_1014394408_##B079J7.jpg 1 473 386 554 424
pos_1015049708_##B322KC.jpg 1 507 375 583 412
pos_1015369708_##B9DC41.jpg 1 529 410 606 448
pos_1016542808_##SS113X.jpg 1 485 394 569 432
pos_1017051408_##BT851Q.jpg 1 487 386 561 420
pos_1017385708_##BG90G2.jpg 1 467 388 545 421
pos_1018022508_##BV7A96.jpg 1 454 391 533 426
pos_1018091008_##B107Y0.jpg 1 481 386 557 422
pos_1018208808_##L1H109.jpg 1 513 400 590 434
pos_1019506008_##BF193K.jpg 1 526 373 604 410
pos_1021052108_##BP3C86.jpg 1 495 404 575 439
pos_1021117608_##B574L8.jpg 1 508 390 585 424
pos_1021159908_##CTQ585.jpg 1 493 396 573 433
pos_1021226208_##PAV632.jpg 1 502 384 581 421
pos_1021348208_##BF0E46.jpg 1 470 387 550 420
pos_1022451208_##B5U8Q3.jpg 1 485 390 567 423
pos_1022550508_##BM86K2.jpg 1 517 393 595 429
pos_1023274208_##B60N07.jpg 1 495 394 573 431
pos_1023372108_##LBF433.jpg 1 534 387 613 420
pos_1023421808_##BRQ400.jpg 1 482 394 562 428
pos_1023533108_##TMU125.jpg 1 507 387 584 425
pos_1024002208_##B3SL45.jpg 1 518 392 595 427
pos_1024103108_##B3S1Y0.jpg 1 521 378 594 411
pos_1026153608_##BE1F36.jpg 1 502 386 578 421
pos_1026594408_##SA965A.jpg 1 497 387 571 419
pos_1027062008_##B8160P.jpg 1 506 391 586 428
pos_1028310008_##B122SU.jpg 1 490 397 570 432
pos_1028483308_##BJ0755.jpg 1 453 388 535 423
pos_1029178508_##B19Y03.jpg 1 511 390 591 425
pos_1029516608_##B5DQ16.jpg 1 500 400 580 435
pos_1030211608_##BX2K91.jpg 1 448 395 527 430
pos_1031313808_##B2J6X6.jpg 1 528 397 607 430
pos_1031591308_##B935QN.jpg 1 476 383 554 422
pos_1032080308_##PKR733.jpg 1 452 396 529 431
pos_1032146308_##BZ828B.jpg 1 482 402 563 437
pos_1034219208_##BB70E9.jpg 1 503 398 582 434
pos_1035261708_##BJ291S.jpg 1 471 413 555 451
pos_1035455008_##B6T0Z3.jpg 1 488 408 575 452
pos_1036238408_##BX7N85.jpg 1 506 391 585 426
pos_1037044808_##L1W236.jpg 1 499 389 576 423
pos_1037359408_##BX9L86.jpg 1 463 403 542 438
pos_1037475708_##BQ48X1.jpg 1 491 388 570 427
pos_1040107808_##BE8G04.jpg 1 432 419 515 454
pos_1040408708_##CFN465.jpg 1 509 377 584 412
pos_1040499308_##B8N4X9.jpg 1 487 393 566 426
pos_1040540408_##BE687Z.jpg 1 493 393 573 429
pos_1041032208_##BH2553.jpg 1 490 392 567 427
pos_1041156108_##BNS142.jpg 1 518 397 598 431
pos_1041409308_##B0E7Z5.jpg 1 494 386 574 421
pos_1042215308_##JDN810.jpg 1 483 395 568 436
pos_1043324408_##B6483C.jpg 1 498 387 575 417
pos_1043405108_##B7M4J8.jpg 1 506 380 589 415
pos_1044172708_##BF193K.jpg 1 510 391 592 429
pos_1044255708_##BT3G29.jpg 1 509 386 584 418
pos_1046440308_##NX1698.jpg 1 501 398 580 435
pos_1046581608_##B917K9.jpg 1 510 382 587 419
pos_1050130608_##B0D7P1.jpg 1 451 394 532 429
pos_1050226608_##BPQ367.jpg 1 490 410 573 447
pos_1051033308_##QB3437.jpg 1 886 601 990 669
pos_1051364308_##JDN810.jpg 1 498 393 582 434
pos_1051491508_##BU747H.jpg 1 437 395 517 432
pos_1052294208_##BZT061.jpg 1 413 411 494 447
pos_1054275308_##L5P100.jpg 1 435 402 517 441
pos_1055223608_##B312SA.jpg 1 455 392 532 429
pos_1055394008_##B935QN.jpg 1 474 381 550 420
pos_1057353008_##B65484.jpg 1 490 389 564 419
pos_1058087808_##LKF635.jpg 1 488 387 567 420
pos_1058430108_##BE8F45.jpg 1 510 387 589 418
pos_1058590008_##B116UU.jpg 1 470 407 551 442
pos_1059147308_##B113BN.jpg 1 527 383 602 419
pos_1100156908_##BT21P8.jpg 1 500 384 579 420
pos_1103214108_##B0V7S9.jpg 1 516 414 598 451
pos_1103283308_##BX7N85.jpg 1 484 394 565 428
pos_1106041008_##SF2Q52.jpg 1 538 393 618 431
pos_1106488208_##B009AP.jpg 1 493 392 577 426
pos_1106555008_##B4U5N9.jpg 1 449 401 534 438
pos_1108465908_##CA880S.jpg 1 502 406 584 441
pos_1109210308_##B4AW45.jpg 1 531 385 608 419
pos_1109333008_##B881FQ.jpg 1 443 396 523 428
pos_1110430108_##BF075B.jpg 1 451 400 530 434
pos_1110482508_##BT34K6.jpg 1 433 416 522 454
pos_1111144708_##B1588P.jpg 1 518 385 596 420
pos_1111217008_##B8U3J6.jpg 1 504 377 581 410
pos_1111278608_##BK67S3.jpg 1 517 377 594 414
pos_1112099008_##L0W846.jpg 1 454 393 531 428
pos_1112282208_##BQ9C20.jpg 1 502 393 578 427
pos_1114128708_##BV23C1.jpg 1 507 391 586 427
pos_1116506208_##LBW065.jpg 1 511 417 591 454
pos_1117542108_##BZE423.jpg 1 521 409 601 445
pos_1117589908_##BC04U0.jpg 1 503 386 580 420
pos_1118162408_##L1C323.jpg 1 478 394 558 429
pos_1119055408_##BA41H9.jpg 1 493 398 572 432
pos_1122029608_##BM229X.jpg 1 521 375 598 408
pos_1122184908_##B7XD89.jpg 1 531 383 611 414
pos_1122595408_##BG34H2.jpg 1 477 397 560 431
pos_1123246408_##B5EP33.jpg 1 446 393 524 427
pos_1126212008_##BJ4B19.jpg 1 477 387 556 420
pos_1126291308_##B8F4A6.jpg 1 524 387 602 420
pos_1126337008_##BT780J.jpg 1 470 392 549 426
pos_1127173608_##S185KV.jpg 1 514 386 595 422
pos_1127444608_##BK94A6.jpg 1 460 403 537 439
pos_1129124008_##BJ4E92.jpg 1 470 401 550 439
pos_1129191108_##B4C5S5.jpg 1 472 401 551 438
pos_1129367108_##BQ6T53.jpg 1 491 393 571 429
pos_1130096108_##L4X022.jpg 1 490 383 570 420
pos_1131279908_##B1XA63.jpg 1 443 399 523 434
pos_1131581508_##B5EL28.jpg 1 438 401 520 438
pos_1132576508_##LEA158.jpg 1 511 397 592 433
pos_1134131508_##BCN902.jpg 1 440 407 518 441
pos_1135084408_##BF3F61.jpg 1 567 357 646 393
pos_1136595508_##B0QN76.jpg 1 495 385 572 421
pos_1138216408_##BQ1A59.jpg 1 515 403 597 440
pos_1139228208_##B237JF.jpg 1 458 397 540 436
pos_1140529208_##B3SQ13.jpg 1 463 388 545 422
pos_1141032408_##BA1L43.jpg 1 517 378 590 409
pos_1141573908_##BD7A45.jpg 1 483 392 564 431
pos_1142167608_##BL8342.jpg 1 517 407 597 442
pos_1143219908_##B884RF.jpg 1 496 383 575 418
pos_1144224208_##B6M2T0.jpg 1 493 426 577 467
pos_1147409508_##L1D221.jpg 1 651 481 740 527
pos_1147550008_##BG8511.jpg 1 409 405 490 439
pos_1148436308_##L2X590.jpg 1 449 392 534 426
pos_1148512908_##BNR462.jpg 1 495 390 573 424
pos_1148571008_##B190QB.jpg 1 514 415 600 456
pos_1150026908_##BJ4E92.jpg 1 446 390 527 427
pos_1150178608_##L81870.jpg 1 586 399 662 438
pos_1151322508_##B7XD81.jpg 1 462 400 542 434
pos_1151481408_##A059YS.jpg 1 493 401 572 435
pos_1152124708_##BT5A52.jpg 1 446 391 524 426
pos_1152390308_##B2M813.jpg 1 467 405 549 442
pos_1153358808_##B5L4D6.jpg 1 470 390 549 426
pos_1153445208_##BL776K.jpg 1 469 391 547 426
pos_1153501608_##B00G36.jpg 1 475 402 554 437
pos_1153547508_##L9K046.jpg 1 433 401 518 438
pos_1154002308_##BL3128.jpg 1 398 429 484 469
pos_1154203308_##BL059P.jpg 1 449 412 533 455
pos_1154245908_##B7XE68.jpg 1 478 393 555 427
pos_1155079208_##PDG982.jpg 1 446 399 528 433
pos_1155180108_##BU9T19.jpg 1 474 384 549 418
pos_1155219808_##BS44Y8.jpg 1 503 396 580 430
pos_1155413008_##BXE118.jpg 1 499 391 577 427
pos_1155527808_##B407VE.jpg 1 505 381 582 414
pos_1156109908_##B4E3X5.jpg 1 493 410 575 447
pos_1156481608_##L7R562.jpg 1 466 401 547 437
pos_1157264808_##BZX179.jpg 1 525 396 604 429
pos_1157344708_##B8F9P6.jpg 1 475 392 553 425
pos_1157478008_##B7K598.jpg 1 467 392 544 426
pos_1158010308_##B1KH19.jpg 1 480 388 557 425
pos_1158148108_##BC691F.jpg 1 488 400 568 436
pos_1158262208_##B35775.jpg 1 471 395 550 431
pos_1158406008_##B6E0X0.jpg 1 552 416 640 455
pos_1158569208_##B867Q8.jpg 1 422 399 501 436
pos_1159012408_##B855KQ.jpg 1 476 407 557 442
pos_1159075808_##BP4050.jpg 1 513 391 595 429
pos_1159170408_##BH70T8.jpg 1 469 387 547 422
pos_1159226408_##BM6582.jpg 1 418 402 499 436
pos_1159519908_##B832MY.jpg 1 451 389 533 427
pos_1200181908_##B821VH.jpg 1 510 427 591 466
pos_1201073508_##BX9L86.jpg 1 431 417 514 453
pos_1201352608_##BG88C5.jpg 1 498 392 574 426
pos_1202583208_##BC0882.jpg 1 520 392 601 428
pos_1203030708_##BH6X59.jpg 1 427 410 509 445
pos_1203434708_##BEE506.jpg 1 453 389 529 425
